0           1291.000
2           1291.000
4           1291.000
6           1291.000
8           1157.000
10           91.000
12           31.000
14           37.000
16           72.000
18           66.000
20           666.000
22           1291.000
24           49.000
26           201.000
28           414.000
30           47.000
32           45.000
34           124.000
36           141.000
38           205.000
40           252.000
42           250.000
44           299.000
46           304.000
48           409.000
50           652.000
52           666.000
54           1119.000
56           1119.000
58           627.000
60           905.000
62           389.000
64           141.000
66           77.000
68           63.000
70           51.000
72           51.000
74           47.000
76           49.000
78           51.000
80           53.000
82           51.000
84           49.000
86           51.000
88           49.000
90           47.000
92           50.000
94           49.000
96           49.000
98           49.000
100           49.000
102           47.000
104           42.000
106           88.000
108           931.000
110           1243.000
112           1291.000
114           1291.000
116           1243.000
118           1291.000
120           1243.000
122           1342.000
124           1291.000
126           639.000
128           1342.000
130           1243.000
132           1342.000
134           1083.000
136           652.000
138           81.000
140           62.000
142           57.000
144           54.000
146           49.000
148           53.000
150           53.000
152           62.000
154           71.000
156           92.000
158           88.000
160           92.000
162           104.000
164           66.000
166           66.000
168           63.000
170           106.000
172           393.000
174           1291.000
176           1291.000
178           1342.000
180           1291.000
